64312446
72185358|72642743
93400261|108376988
92914603|95988534|100812740|104577273|109153441
46207935|72619626|102871880|104289121|108923124
61321893|62522259
101178554
79690488
52677682
116677551
56946874
79890521
84863941|97799407
48457754|56654678|59726189|66233904|74779834
34486842|79066981|90363736|102833104|116691770
50914477
66676828
51597905|57409174|93255342|109996549
61383783
54034494
48261049|70845532
72788896
48285552
61390968
36528978
33103606
106624349|118524333
60184491
56961800|82889804
36278257|46041005|78248094
46060339|48438421|50802873|71131879|117732593
55343707
54700041
70280895
76235806
113272651|115983301
109297197
72701945
39122591
105012584
84469678
91623016|106051487
71171029
48188487
69074816|94572983|95951340
51453210
48518071|59867779
67870240
54698518|79554816
91991156
73613140
37039330
68969586
70968659
109389145
55011749|68575845|74849464
79751042|96728886|99589241
78392367|85387829
64590004|70289768|72062022|77177770|100315950
71273117|71778462
62359481
79182237
93888600|116701245
45167785|79959401|97210151|100203015
52190776
77740273
97596883
104289887
87048393
97549770
72950519
36210984|45758853|46640301|59680470|62667775|79357723|93062581
78001928|82076160
51977386|53665125|83926799|87125997
63741921|74992893
52536645|71573850
72203853
100742353
106652799
59968459|62897309|80155863
59440647|60301489|70663528|77133440|78558832|83419436
53769347|53969470
70832503
92549467
75425495
90212424
93205600|95882801|109840494|119911403
116988364
109290378
92555579
114647114
89566800|100235868|112905710
49830059
68643259
105127003
107911881
76878078|82602436
110986995
84924235
116739715
47001945|49394576|50947390|51189212
70710515|74001495|89764197
63761906|72275235|95800214|98365502|101895769
56410751|64942830|67783988|73897873|88867538
51094981|70299075|71248902|72069951|115516327
114760086
39474709
45838867
49654039
114148671
87538175|106117709
86961470
87042985|115795461
93309400|101067926
102505464
99647483|114863070
116666031
71979996
98331479
55499932|56168291
79031852
69863358|79251837|100212520
53942618|65939431
60853300
53920106
110715424
76319306
48029372|56564497
73812363|91102073
63415778
117033208
57708438|101099161|117649970|118049907
49649225
114104248
36689381
109379441
61812210|83897206|100412588
85990435|109835561|116833378
39377757
80443308
83526123
104071662
93745024
58442451
102903269
33354877|100400828
63960184
88343595
75826765
70550390|74226729
64559593|80059606
70383311
84753339
55265889
86556647
56352192|60732970|61495090|62555686|70465879|71464056|75592758
73496382
91208330
114055357
77741109
78891154
109938438
114609471
92568131
58629319|65807961|66366170|80188218
59654816|65480055|82535720
38633969|49447401|51579956
85140179
46494174
61527476
56341244
95554806
74246208|118617599
106985439
86517948
50710357|51259962
113349009|119382770
51826460|54848817
88045481
47536339|68927231
86268714
85084032|96028655
53474416|100434750
113432367
45114500
61187828
73695682|82398204
79584562|93566813|104837250|116264628|116954339|119453423
80696200|91391492|95839657|97079576|98543002|99291639|102331729|104533296|105574610|110881127|111453165|115555965|118357070|119085272|119273567
110219772|115085081
99881829|116185226
75215767
81234872
49831798
65450918|78285332
82305014
100245274
64151550
106125254
59408903
66299881
93471834
109911482
105118185|105871290|108853188|109077919
46070086|63923879|69815018|89595869|90549818|98468845|99036284
71137416
102634814
76931844|82586782
104929335
98535312
108797731
67822288
72098178
38740613|39300419|98255722
58922772|89531652
45537471
65482413
52284800
106385863|109779808
56772969|57488200|75523720
113475643
120531961
109884391
114221857|114309310|116467741
100652588
108078849
44569271
117902179
115935432
59860562
86246811|90090955
79661531|99827563
95624201
97877050
83807501
68760240|68883202|74869398|76219849|96841926|101558055|107086059
77934099
58296784
112690747|115939750
102642366
115024162
115790848
52507665|68033837|70480554
54816438|64081775|64935244|70350215|71319735|72921109|73069854
46257766
38861952
114148723
38653326|62816725|92785122|105194964
36998674|106184042|111025123
99423484
51375576|77282133|82534674
58575889
64856016
58661412
109391247
37013324
110974788
66228694|84863608
107882952
54113125
77266374
117450791
46670182|54441547
50651566
58863657
96152575
49512540|50346897|54430799|66507104|97805832
42988319
43238088
58203709|67730289
65870263
35372038
97190872
106136669|116604839
78041207|92246242
50257403|59626245|70200040
101795395
60465289
62469784
92851316|113810211
89621033
70439802|118387988
115186339
64982941
61073593|68393918
98339285
101551199
56890131|57958717|78546810
61437163
62577830|63323706
94364947|105144029
81197805
110312757
97958482
105946799
111441875
89065481
104652607|106991936
68820928|99062514|118111998
100339060|104961230|105436668|110070028|113722677
117145406
110551396
114833974
114419858
116478637
106076952
46550254
87324263
67973031
104416224
71590444
103520606
82847147|90403925|101324154|113552667
70728720|86620352
59076963|69621463
61225734|64953296|70545023|70988689|78043812|95763602|114380717
91037851
101244290
116102795
99173832
105653385
112809261
64105630|90779979|112987954|118553223
114798417
75038403|82600869
89990317|102944029
110175719
115916779
84286264|109409806
86494943
77907570|79261766|99891863|109736257
89046851|90006430|98458400
115651224
57274933|102858923
61093482|80326062|118553879
42659143|47063471
61522365|67669391
86713442|86923961
101391629
60017748
114604872
94797929
96054170
63612080
90777468|100819195|114097582
89443644|89690271|98331843|100035706|104330639
97313456|99605110|113520014
92228416|99813673
104544060
71336177
85063137|88957752
112319347
113041542
115802402
110670981
117322934
83230022|93228127
104593055
97202034
105181767
108924254|109482039|111278585|111278587
47146888|50342422|56071096
97082339
79875812|92522275
61354008|68117748
93493547
87812450
116855821
68017592|75283590
86566741|94509148|105513697|110398706
50750353
48549717
86483688
117029970|119661043
117856141|118821667
118746507
59464473|61647271|67755340|75664629|89989322|90013147|99015069|99151717|100035093
69832326
97424892
107400420
111266936
118567011
90185643|109763109
80688869|81864405|82545792
69380120
79944563
72050919
98859321|107923376
88294975
53409467
91156493
90196519|112453122
88598678|90734194
85593930
90878223
72424232
95330250
60014814
94943009
98317756
108891933
71909565|101971215|105882057
100459010|107311256
79056016
60622365|83051770|88338008
83082541
80895264|84198220
92205222
112640672
98030422
113604193
101388025
101133340
115805002
85261021
57501735
68418718|71606237|117468219
55390757|56998241|65806737|109502398
82244120
86670546|110310974
71061317|71654345|73488272|82673166|84555077|110023619
102884699
104542503|116223343
112222213|112565368
71781295
61127492
103370416
101930329|101930632
61269387
54424963
105855126
100766146|118213764
43244118
91148018
60503156
98427841
82109779
112460624
103534845
70981806|75695647|78718962
80044545
63080224
74163321|78605655|95558584
61837611|85591218
76391911
37486634
75322162|79038471
91152832|102009367
90701537|99279410
94846693
94422486
97667215
92642649|106884801
65443733|86007825|98601508|110390497
110209869|116307904
98064267|107398000|113812671
77947756|91374757
102086579|106842864|107539768|109284451
73713827|100704675
92795089
74415678
87002769|90981016
71129012|89040181|109676529
92933371
102970269
60384668|107103878
72373165|104643142
86669988
115231454
81272739|91679315
47072103
88813878|96242955
103673649|108028559
57110481
116647892
95048132|113463386
113955919
96899840
108063845
97950326
70548636
106252965
72528002|83882835
77622791|83861699|84821510|92154592|97955741
86530262
104876249
98657928|98919515|106942559|115443903
101198741|114098679
72508447|108813875
75623465
96536632
58406974|104510493
91938215
95124981|96756307|104184206|109064936
99388989
113141749|119324901
48875855|87372562
65597134
81648518
76583227
113561708
97496264|99897723
97968099
61311217
98534694
119276441|119802987
60128555
106791962
102773501
98066609
60521523
109174404
42611655|44050137|45076771
45437049|76818305|80695320
86628626|86930961|89782040|90173779|90449209|91947711|100110797|102867930
81238821
104323607
79458383|79458439|80538684|81377625
79734064
84636144
78276173
93412756
85787228|86743029
109873365
97449060
91655186|98634427
104305155
104070473
111737169
84120545
102356729
96995043|104073195
102823593
96188384|96188456|96606338|97157676|97631258|105458878
81505862
71213789
81147930
53255578
75098794
36338069
70423434
65168203|91697289
44284068
70843727
47722705|62489922
49925276|67399179
76323983
49616327
94387371
32127336|33689331|34357305|34464104|39345476|46675124|52529966|52806658|56342868|56738688|60798058|60798405|61675766|69702059|70154392|75965804|78781896|80263303|93511461|117161603
69268726
48997255
50392954|52127550
71317918
58171068|59533128|59638836|60101651|60429634|81963808
47939807|54365448
109717105
108066294|118554006
61028313
87420252
97024798
99193205
67728353
100492147
90544060|102229278
68245350|112687980
67285258
72041102|91932810|93594955|93879922
93087081|104265231
92279084
90163380
105693287
112353921
104675214
114723363|115269560
73644048
110290846
75647542
81362433
96450082|106407351
56861372
98273430
51318974|59608825|71189608|76009980
56345105
78991090|93658570
58760918|66771258
56501272
76426929
88914347|115376577
116467442
66366395|119542857
76120501
91446812
66996827|68835016|97238751
90274702|91276310|92246319|97250482
106366071
117106539
75772638|99246606
116492803
112291757
84801387|85438069|88547559|89748439
65610634|69000834|75460975|80353063|101354103
60226517
105272370
44146427|48052957
98876156|101320736|104371741|107128567|109698404
106731335
103858125
34696573
38517456|39535260|67571990|67703593|70437258|77782341|79132343
57631174|81749498|82109511|82306738
74054180
62740597|71435766|94467627
60815106
77662507
84873365
77079459
82648882
57847052|87192568
90850783|99480848|103230067
71031110|76980993|77074183
110215357
83792450
113044649
84676369
86394971
109429628
107762466|108957269
81290069|99123311|108913006
101930099
114876821
57548235|59365451|65937233
74933161
31699970|55374007|61676806
34130237|49211554|49483303
75092268
75403125
88566381|108848144
113308160
63584732|86309885|101698391
65573536|65760008
68432838|70008690|80641662
62643300|115548325
68425553|74080927|75354162
81572724|81572726
72132611|72132615
84394169|91623956
114854806
97055285
53033361
54731005
95155556|104386817
87072594
105698426
67620183|68955572|71744697|76401143|87204558|90987438
53674749|58737299|68323589|68503230|68756491|71075614|79430459|86855390|89072093|90284001|93775061|102041830|108672575
76806679|82623262
67724726|70510870|81947343|84772461|88500695|90832468
85473447|86128310|87117441|87469218|117540475
107482172
103493929|106026274
92228612
82274837
84365872|98887126|118183487
102430475
63364580|69959039|92869033|109977900
103073466|104013037
67328767
83979665
80429600
84052296
91823715|94304162
79371068
94830688
64247691|109549836
67071483
102314815
79045554|80294434
84649347|89007267|91347493
85509671
62643248|89981024|92206728|93033635|118742328
100730385
118628009
87757154|90472401|93705290|94916086|96636281|98580925
92763535|99607852|102559663
99168559
102920991
74078221|114251435
76223278|106237396
42979705|106691400
63357682|67172690|83424488|92748630|110038104
112742541
52297492|58186747|77799643|107837672
52204258|110356907
61572760|77230759|84005151|95156448
35788301|42469274|79061946
104369155|104958274
109024543
103861607
86754398|97773759|104206466|110551872
67481886
75893177
66717434|106870783
106115913
43940679|86281695
47231055|49774578|51751730|52015686|52420663|52859724|53926815|55062038|55140793|56309560|60700074|80106347
117596542
97883413|109301872
78396477
113487370
85295232
109476954
92243931|112526686
62530936
93675942
77664623
93419956
78730229|83876216
75630124
45893349
77652220
90956761
86307655|115635112
94723234|104108851
74532239
96005328|116380990
102189598
104265543
117332999
71700174|75087630
74408891|93978435|95550779
116585300
48783671|64177102
86058733|87162479|95032921
82916526
106972415|112924078
66781107|96521723|110833321
85365141|86005132|91362146|91781750|94145909|95302433|99789148|104823886|110224782|112397900
67872969|88224398|109097225
93502398|113040733
64834420|68817971|95344973|102236532|104877359
67062280|69318297|76056827|83299917|89916158|110549002|112613880
98750594
63773444|72337692|95771296|97830252|108271596
49848549|52318197|54917366|57123013|114790821
78644510|91584819|99021341|105464430|113374740
94622946
78961291|83751655|86716180
76626680|97931162
81402362|85275079|104011053
65354238|68013377|68013442|68706555|71428772|71593334|74088325|75068290|76377792|78512477
116243295
84659406
79805937
50100321|85225203|100302924
68726472|75460500|82029045
64528537|90809614
98696406
45556699|48044895|62909804|63184859|63369120|81408792|83111790|98509681|100110218|102198159|104670973|105889205|108713981
88891323
116792197
118658798
104693720
96077905|99811560
109185574|109647068|111046402|111118856
102796148|108475697|113960001|114081750
96237228
96039785
54292064|54854995
50668170|53559914|68942525
46390961|48626745|82463866
50492160|81237718
37993359
51199686
109411684|110841473
98147208
105412095|105742460
94255704|110962163|117831487
100807557|107982976
64849311|65690285|66075065|67682318|73424808|75218429|98353726|101104943|102282001|103239999|109289943
67264750
86373164
119136900
48850629
63863509
69484436
71099319
119080034
80106668|88527784
107199921|118444296|119579035
102943216
108844037
117878083
89646712|90545594|116213185
89041958|108947279
51527549|65757917
115384994
62388135|87704812
55268068|70118834|87948965
72800187|96151157|108147320
43909375
56130249
73910683
116817575
88380185|88517350
44900263|56717285|61851076|65195382|78127415
81760410
65275919|73482006
77624929|94121221
119135713
91726243
53708440|64454868
94132243|117350421
98681571
107981557|117092446
101408350
114851744
101250320
107906469
116145992
64800626
68459265
106708814
117952681
98153020|118344147
111761105
105748408
90275060
88079883|106409457
81565627|86294942|101526306
92265669
107138310|108775360
117464572
84601855
73949198|79743222|106098085
95275066|106501136
109009620
81995199|90297648|113276601
75132943|80052850
114440103
119755770
88413491
108388407
121501999
99778224
115762969
59293567|83166889
88701541|110940286
61532833|64096045|66579257|107743430
93358029
74279254
119159524
79647054|82777819|85039671|85774479|100490999
93985669|115384007
78156313|106648344
87237495
76466981|78293789
86779683|91769986|101426529
52341649
91153994|98399461|118981681
55453720|65317828
73409081
118706630
99194814|103417143
111209955
50404806|56595458
59446218|69829212
37222190
57542948
43595793|110656460
73674409
37126307
75750101
47373089
98459954
58874312
45591383|50258439|76041236
106506189
102942613
105896298
64478834
69279914
99826356
70269784|71030513|73737186|92694398|97612919|100098369|105067511
77322449|99068100
89611856
60518299
56334769
69313775
74149293|80561664
32205683|47662107|58803163
56815976|90183013|94801473
46132059
71200865
78072684
66004826|77073509
44298787|53013901
57064636
90435577
95455201
46183931|104726724
47934896|65961933|70225461
100676147
72261599
80024538|89178718
45433241|46451699
46090338|74929872|88336420|102718910|113932447
96922865
105174135
52720781|101150250
99409975|112768315
78897727|97766219
87397652
100967036|105996511
92297622
113560383
63128501|71712981
103417974
88886801
48657185|64099134|80383059
54452605|55050436|63071629|69428425|76872224|89382369
66788278
61967628|74399470|75741740
72115161
99824809|107554447
65957998|73001287
62598265
109155998
87253102|89491038
61004260
81993625
54234853|59622571|60012474
94432996|104059676
35995248|37610627|48478974|69757003|109771174
61007578|63619114|87716226|93620513
39516593|48606601|86577706
38557010|44778736|44781052|44782458|47695062|49585000|49948864|51905523|57302845|58984870|61854279|64491336|66203289|69003867|70799552|71868622|75545284|100513466|110147078
93059580|114812919
74463175
55488067|62237589
47289941|59690447
63619165
91549686|96688778|107795498
96707266|98866562|104689550
103994789|104056991|113771282
71985767
85863886|96161594
55717304|58977629|64740500|73181545
113257766
57899131
102531294
58921247|75040590
50545879|67003812
52882010|58489845|79477950
48847571|52168696|61415163|63619652|64816495|76280549
34381964|51180449|51774927|55244013|64109308
43807279
79053286|80561621|90005126
49042154
59295095
59747620
77160602
72175468|73118548|74204364
105221804
76612950|110329310
66010394
51261068|60319305|86941786|98004500|109538687|115041602
68273362|75764762|112756155
71322149
74614799
113892899
70631612|70916024|85085310|88474505|103142164
32565783|34952561|38152978|47151415|59470244|65248669|65851088|68672196|79447806|80003706|80272699|95474574|99555715|100155544|116348250
73436655
90647459
48690325|62229181|64959783|66059233|67194250|67859918|70692098|74646723
84753567|105987870
36536828|46621235|50230735|52044624|71898034|82685059
89398054
79929192
74053325
76454130
113274290
90464118
100342235
80420194|83877959
112430947
52186992|57598559
33335164|49111803|49667472|56754542|59705445|60921593|60921617|69985004|72914709|85398390|94154312|110256696
67051966
91844825
61994839
106815553
48101570
64862627
57772245|90840715|92393288
58186372
38046296
48156166|48487875|65263718
78159803
65866362|96261441
58164659
104287799
106394539
84959628
43911307
73369422
31314958|56756937|57577883|85093417
33197500
56600222|59590473
78951155
80328785|83121406|90110077
34169294
54871103|56170469|61781445|77866878|85472680|87461052|88055368|89910977
65695398
82896929|83225169
42529266|51701952|55220603|55848932|59960257|62127517|63094130|63287113|69639900|75231249|85743047|92965098|94147772
39367243
59221426
36234204
58758989
110713920
72298748|73933566|74058287|78329987
85001889|91406281
56552713|62347293|82609720|113865375
60098474|62198332|93948739
58483107|59294734|88362173|91681884
107192957
55631614
94066525
64658131
50841915|58028205
46313126|53740294|81305393|119839812
44686258
101038686
47408018
80721393
64593273
43772581
113392986
55054571|58262329|77101577
47425701|55991491|56581677|66888095|77927445
44956497|48056857
77263016
88241498|88992546
89679672|99830176
101676383
104574577|119792188
82821270|96178704
86438356
108967227
106979198
60609660|68195336|70683628
90917700
54941793
61461273
58905670|60813600
103689688|104767637
47052895|80012260
59221651
74049507
91721062|106413529
112323702
116978023
87284577|114876298
75252580|85947467|119610965
118388794
103173884
67380510
69697015
73760609|99806079
93508676
101226911|105225843
77288507
53653695|87653854|92574971
44859748|80454666
70249561|77577265|80585821
79361940|103208899
35980180|67684678|90303996
57887097
96070053
54666716|62605195
58059430|117121508
84695574
48611501|56894701
86020528
52536274
58537114
49242537|79390132|80266234|95865701|111366441
31599407|33354871|42345156
37541327
35339927|54236049|57676161|60453481|67498303|98366092|120386006
87876770
43908207|50600392
52211639
35092855|38749687|47885114
53446612|54594251
57222898|90206742
46997732
96391534
82636879
92650293
68292298
66400995|97775425
38723094|47318748|56776712|59758085|67814370
57323726|59943783|68394969|70831286|77027212
115431808
37367243
68094831
73127455|85178990|87931157|93383238
63919216
51268732|65173434
46289499
70706359
103641741
33907204
95587658
57236355|61185817|64460427
97154946
114865097
78487491
99669889
49125855|53941136|56092956|58016631|66373990|96470053|119973172
48197083|91497490|114491669
61885943
71098826
95012833
66686182|68412155
36227261|52749781|82895376|112611518
50957437
106302116|110341048|114220045|114735025|116058800
96539804
93627488
86046076|92676942
80728117|93144270
86050433|91241216|95731000
93260054
87225493|100279244
97561857
92694932
45634568|45737463|46502450|47885384|51784522
104890577
45018564
77350898
64506950
87686820
83326234|85969476|115133864
49802494|80207460
84332941|84936476|89572029|90518859|91661044|97003108|107392859|114473041
47357431|51506652|52948929|53182970|58578915|65497008|81010116
37110826|45497259|51363708|52495202|62872360
34612661|73301198
75706040
57811234
44005516|44305771
37265426
85122420
101086030
54169113|109362720
59736923|104916728
64260222|71378033|77734986|82625442
105715125
112303490
71455234|76887938|80185127
61081663|63023009
56158368|83239744|103885189|105523708|114268653
69760079|83225394|87247071|95128932|115708077
59355804|72096335|74944568|87523387|88096194|88156950|90352888|91058224|91960117|100132740|103095251|109038150|110080978|111355736
103537269|107981824
62314336
34996792|61713173|66157939|89804299
82007408
48137502|63000803|70116465
43092669
92783350
109323021
62896022
90255992
64968179
47099793|59147444|93085636
45969569
85167175
87293071|117407517
82526122|88214988|90617998
84305200
85679737
75132205
84305219
34652900|35119538|59318690|65840659|67970929|85648662|95054429
90053172|94563888|95447234
58073099|64805705|84494591
83330953
113158191|113292393
86704889
108405196
73238928|75608981
76023344|76362728
119929156
32950776|36525837|57977884|64648108|66067574|67917575|72898511
45605291|46521175|60319895|75731206|88586860
54141061|54141293
66234418
44188380|53157046|82522941
112125142
86677776
95307541|117413756
92076957
95041181|116780275
43259549|43989407|46509837|67124496
44026094
62299832
106255020
96688754
89171678
113358018
97449068|105531475
80347323
59690065|79876509
43222018
72417832
107036491
37854334|54798953|65122893
100228865
81435076|95695488
70018775
76679630
86439976|87848524
58075604|81343231|103762688
71102761
94575934
74077765|84546426|96244024|115436346
59312244|104068004
94153201
96085414
57905277
55442591|79322775
45458097
90124778
49490374
38507516
53128778
31280056|59181173
45941704
79039578|104321201
66536520|81905490
36629913
60657845
71981664
78550706
116300198
53039620|67689548|75626393|77404762|88924379|97590877|117327201
47319973|94340271
92924489
90895151
48259300|51352503|70889292|80067240
36405225|37667533|48022938|73253550|75368509|80113799|88094993|88687291|89559487
72852201
108904042
86450318|93611714
90425424
45038482|50791551
33366261
38072297
97009401
87487388
91792638
110633101
111295709
116407923
101875976|116832994|117501261
99146652
80600116
96964518
63814572
90833157
105910977
33470784|36659748|49123073|58835785|107412868|109340994
33057230|55108675|57783674|84778852|99428506
57504286|69395364
95520347
81947805|97187443
78687011
49111218
76921692
109321513
53775834|87145176
112021143
60254804|61085160
47948325
81405963
105965458
89156332
70859956
68496788
78691128
37450382
71555190
63931796|66990407|85544933
77732715
87764198
52792930
59935557
115209900
54137560
52642553
62074932
57118811
116680573
35338104|36289231
48154364|49651874|52849353|61772658|62946367|100616301
77329336
80306241
96144242
74253330
56163241|60042970
68821843|72557897|81076229
74031375
44152264|62848948|68580066|77711003
67715977
33860622
91636423|119289456
82022152
109750355
85728283
96192374|112326254
59554953|65832527
56821035
49282914|72967703|79331363|79361246|81533877|85339171
36751378|57476626|81439626|99294047
61520843|76637608|89013639
60099866|103447503
66513723|91241568
80998011|84738175|85406005|96077767|105525383|107107583
103036480|107925989
60640214|61723283|62959319|70611884|88991159|111743037
110016313
107784022|119317967
115667484
118479392
76225388|83436572|109550267
108045634
103007153|108253277|117280359
87353240|113900182
92527668|106252424
82335979|99990384
76806411|77655729|78166279|83751310|85640042|111750722
96105086
98560733
106257708
93449020
97246544
59656460|75576598
65469359|95727115|97341853|112823601
77779577
94488288
80769749|95281370
119757671
80288971
62383947|65379135|65482166
105970313|110603020
112576791
109461869
39215706
91973850
101091753
91551237|100649588|102240581
82210393|83914158
58604808
87395824|94383154|100275663|101743936|110493780|110536125|117296047
81269563
106878399
110863942
64635473
62237503
85943668
71934168
105607794
76426758|78222895|94276572|112861822
93379042
104604712|113037908
99386084
88296054
115051282
106450035|110042644|112623373
108444037|112307490|115060691
116356290
91127741
110210008
74462533
112684834|117191252
99092738|101834214
81787323|104638430
88060138
107961559
87053683|97778698|117898920
114331108|117112496
96668832|115327191
73999354|92499736
74714127|99005808
76127876
95926003|113225733
79153400
87191354|114709858
66307644|82693185|106317289|118032450
73009306|103894725
72008695|98976412|108541249
102702898
77638780
92176661
36249486|50442152
53318678|65380889|67303052|79070727
72977454|73958905
36202672|36763847|48356294|48453207|60306315|62078241|63283544|65728462|67089748|78702429|86547192|94264039
56877800|67590127|72017864|90025254|90515243|109016666|111445154
64150424|79601728
42638486|47766155|50069492|59222545
60553367
52386807|76039898
48689353|48698578|50202039|52477762|55520543|69914475|70790563|77467242|82193762|92399216|100768091
37004597
80697827
93586679
111891236
68989328|69495796|79095197|109515659|113125351
83106591
95927358|113927357|119572909
89164591|119845068
64384953|92648598
65128055
68006712|72207822|87597185|91384421|103681431|105900284
94644857|95304008
82510988
67255308
70416957
109147455|113934608
71839209|101040738
47249321|72026360|109070841
115250525
38909731
87059416
64509608|97770179|108400979
37744450|76997134|87150343
72078078
51279795
33376206
78013087
54491959
103411064
52203061|61253146
51727577
60939610
31301769|34605492|36049179
38154512|71173761|73598803|104812653
66497217|104332218|114429902
32203455|51154607|66304130|71984343
86289181
44522960
38369974|54404217
110408548
118251434
53082807
78983585
37865271|92948686
53189029|79068020
109550512
35395223
33042490
36338197|55034983|56709726
49615764|56666511
62241240|98592626
53464914
91312743
79371241
51270542|56388721|69318152|73523869|83868699
72495442|87565344
32863390|45541107|49235116|49512812
42521571
42344884|43006357|46232889|50226351|50928182|52471099|54896018|56938678|66708755|94538004|102348830
36089451
67954868
49979368|103667749
82855842
74749177
76953714
65116704|88560221
68504365
44779228|52580706|56000046
69372709
36942350|47839193
57965159
75100844
71430163|82972108
80677777
55723110|62757453|72690592|74102567
74761080
67240136
68323126
49492785|64944359
62898488
64268029
55895493
73682710
100276407
53051396|54645085
55144812|77588085
57690654
96691770|107234420
102487827
83895384
38680020
72635947|77406730
64788348
88230639
44916568|48795030
57834282|78938242|81801908
49372529|84540522
53392959|54960676|83980133
57989535|63940147
43894839|49886431|82779637|93597438
42778435|84643905|88175428|97159369
87379142
71864200
73157943
77813116
95006887
35164629|80905564
61025384
68371375|100100548
89344049|91463123|96319516|116794703
81688102
107851116
115413298
98928467
52292517
102495886
110429278
113469396
105682893
77883642|83696070
76301986
97072011
116554718
60531571|80512246
79647327
112658172
115695413
54497721|87004601
56962778
104754485
105730065
105857408
82248897|104963228
93464813|104091452
100739822
109528793
61080890
107592615|114450180
113541725
98421329
102530933
67796194|94386698
59438949|87395913|91148005
74198944
73483862|88007383
80034129
94387425|103194058
105597293
84437999
80757592|88954851
113177657
69860188|77775405|84089482|85905735|93110177|96686593
77286928|88566155|109461533
115736314
92065103|109392175
58823456|103575294
118671388
59272485|68279212
68290275
57436291
109722674
92564704|109826969|113392724
105673074
52553248
63903770|74680508|104694005
67097701|94943321
50474402
116900642|117520225
85286825
